Blocks: 10

1.2962
1.2994
1.3049
1.6828
1.7086
1.7158
1.7167
1.7077
1.6297
1.5016

Blocks: 20

1.2942
1.2956
1.3041
1.2957
1.3037
1.3062
1.2976
1.7002
1.7065
1.7129
1.7216
1.7123
1.7105
1.7124
1.705
1.6922
1.696
1.5059
1.4992
1.5071

Blocks: 50

1.2606
1.3041
1.3013
1.2994
1.294
1.3044
1.3104
1.3136
1.3001
1.3017
1.2946
1.3101
1.3146
1.2965
1.2966
1.312
1.2994
1.3129
1.2891
1.7095
1.7136
1.7174
1.7317
1.7139
1.6974
1.7018
1.7331
1.7357
1.7065
1.6978
1.7155
1.7186
1.7309
1.7209
1.7067
1.7162
1.7172
1.7266
1.7181
1.7018
1.6827
1.7201
1.5059
1.5001
1.5084
1.5096
1.5065
1.5215
1.4932
1.5127

